0 0.1806640625 0.6399739583333333 0.07421875 0.11328125
1 0.5009765625 0.2552083333333333 0.755859375 0.4973958333333333
0 0.0986328125 0.6588541666666666 0.048828125 0.11979166666666666
0 0.25927734375 0.66796875 0.0126953125 0.15885416666666666
0 0.373046875 0.580078125 0.111328125 0.15234375
0 0.630859375 0.4095052083333333 0.201171875 0.17057291666666666
0 0.7978515625 0.5631510416666666 0.12109375 0.2669270833333333
0 0.91259765625 0.642578125 0.0615234375 0.2513020833333333
0 0.439453125 0.388671875 0.125 0.14713541666666666
0 0.61376953125 0.5397135416666666 0.0693359375 0.16015625
0 0.20263671875 0.5032552083333333 0.0244140625 0.037760416666666664
0 0.2861328125 0.4173177083333333 0.02734375 0.07161458333333333
0 0.2744140625 0.5201822916666666 0.025390625 0.04296875
