0 0.5007692307692307 0.2042124542124542 0.9984615384615385 0.3901098901098901
0 0.5007692307692307 0.7811355311355311 0.9984615384615385 0.3901098901098901
1 0.30153846153846153 0.8452380952380952 0.2123076923076923 0.26556776556776557
1 0.045384615384615384 0.7802197802197802 0.0876923076923077 0.10989010989010989
1 0.7115384615384616 0.7417582417582418 0.13384615384615384 0.09523809523809523
1 0.8961538461538462 0.7948717948717948 0.06615384615384616 0.0879120879120879
1 0.024615384615384615 0.09798534798534798 0.046153846153846156 0.09340659340659341
1 0.21153846153846154 0.16758241758241757 0.14615384615384616 0.14102564102564102
1 0.3930769230769231 0.0695970695970696 0.1523076923076923 0.13553113553113552
1 0.5746153846153846 0.06501831501831502 0.13076923076923078 0.12637362637362637
1 0.7007692307692308 0.2664835164835165 0.18615384615384614 0.13736263736263737
1 0.9415384615384615 0.152014652014652 0.11692307692307692 0.18681318681318682
