0 0.6631666666666667 0.4148390107326178 0.5403333333333333 0.7307512832477835
0 0.16983333333333334 0.48996733551096594 0.22566666666666665 0.5207652823145124
0 0.33466666666666667 0.41297246850209984 0.08866666666666666 0.055062995800279985
0 0.1445 0.8184787680821278 0.024999999999999998 0.12599160055996267
0 0.16116666666666665 0.9426038264115726 0.023666666666666666 0.028931404573028466
0 0.1805 0.910172655156323 0.024333333333333332 0.03406439570695287
0 0.22699999999999998 0.8639757349510033 0.050666666666666665 0.0648623425104993
0 0.29483333333333334 0.8145123658422772 0.08499999999999999 0.06859542697153523
0 0.36416666666666664 0.7722818478768082 0.050333333333333334 0.05692953803079795
0 0.40016666666666667 0.7554829678021465 0.018333333333333333 0.025198320111992533
0 0.46299999999999997 0.7363509099393374 0.08266666666666667 0.04293047130191321
0 0.5296666666666666 0.7384507699486701 0.033999999999999996 0.029398040130657957
0 0.5758333333333333 0.7524498366775548 0.013666666666666666 0.024731684554363042
0 0.6053333333333333 0.7641157256182921 0.02733333333333333 0.03406439570695287
0 0.6438333333333333 0.7904806346243584 0.020999999999999998 0.029864675688287448
0 0.6775 0.8096126924871675 0.02033333333333333 0.01959869342043864
0 0.7133333333333333 0.8436770881941205 0.014666666666666666 0.01773215118992067
0 0.7341666666666666 0.869808679421372 0.01633333333333333 0.025198320111992533
0 0.7656666666666666 0.9017732151189921 0.016666666666666666 0.029398040130657957
0 0.8069999999999999 0.9808679421371909 0.020666666666666667 0.032664489034064395
0 0.9405 0.7118525431637891 0.028999999999999998 0.029398040130657957
